PARAMETER z[1] "A" 

Inference for Stan model: pvl_d_mix_ONE-EXTRA.
5 chains, each with iter=32000; warmup=2000; thin=5; 
post-warmup draws per chain=6000, total post-warmup draws=30000.

              mean se_mean     sd      2.5%       25%       50%       75%     97.5% n_eff  Rhat
z            0.649   0.006  0.477     0.000     0.000     1.000     1.000     1.000  5774 1.000
mu_A[1]      0.662   0.002  0.168     0.297     0.547     0.682     0.795     0.921  6494 1.000
mu_A[2]      0.745   0.003  0.257     0.072     0.671     0.848     0.925     0.989  8459 1.000
mu_w[1]      0.138   0.001  0.089     0.025     0.074     0.119     0.181     0.361 13598 1.000
mu_w[2]      2.503   0.011  1.437     0.127     1.254     2.519     3.744     4.868 17653 1.000
mu_a[1]      0.189   0.003  0.080     0.070     0.131     0.177     0.235     0.377   548 1.008
mu_a[2]      0.494   0.003  0.290     0.025     0.242     0.490     0.748     0.974  7159 1.001
mu_c[1]      0.779   0.004  0.096     0.591     0.715     0.778     0.841     0.972   687 1.006
mu_c[2]      2.483   0.010  1.440     0.119     1.245     2.458     3.732     4.870 19710 1.000
std[1,1]     1.191   0.002  0.233     0.635     1.052     1.239     1.379     1.489 11693 1.000
std[1,2]     0.764   0.007  0.401     0.075     0.436     0.758     1.095     1.455  3445 1.001
std[2,1]     1.300   0.001  0.149     0.953     1.208     1.331     1.421     1.492 15291 1.000
std[2,2]     0.749   0.004  0.432     0.038     0.372     0.749     1.126     1.462 12371 1.000
std[3,1]     1.253   0.003  0.169     0.876     1.142     1.279     1.392     1.489  2819 1.002
std[3,2]     0.757   0.004  0.432     0.039     0.386     0.758     1.133     1.461 13322 1.001
std[4,1]     0.315   0.001  0.074     0.194     0.263     0.307     0.358     0.483  5009 1.001
std[4,2]     0.758   0.004  0.434     0.039     0.386     0.758     1.136     1.464 12238 1.000
lp__     -5897.395   0.563 20.712 -5935.421 -5911.535 -5898.576 -5884.546 -5851.043  1353 1.005

##################################################################################################

PARAMETER z[2] "w"

Inference for Stan model: pvl_d_mix_ONE-EXTRA.
5 chains, each with iter=32000; warmup=2000; thin=5; 
post-warmup draws per chain=6000, total post-warmup draws=30000.

              mean se_mean     sd      2.5%       25%       50%       75%     97.5% n_eff  Rhat
z            0.040   0.001  0.195     0.000     0.000     0.000     0.000     1.000 25763 1.000
mu_A[1]      0.786   0.001  0.098     0.567     0.724     0.796     0.858     0.944 23058 1.000
mu_A[2]      0.498   0.002  0.289     0.025     0.248     0.498     0.746     0.974 29417 1.000
mu_w[1]      0.154   0.001  0.105     0.029     0.082     0.130     0.199     0.419 26665 1.000
mu_w[2]      2.406   0.009  1.490     0.071     1.092     2.395     3.701     4.874 29084 1.000
mu_a[1]      0.181   0.001  0.076     0.067     0.126     0.169     0.224     0.362  3832 1.001
mu_a[2]      0.497   0.002  0.289     0.023     0.246     0.494     0.749     0.975 30000 1.000
mu_c[1]      0.787   0.001  0.097     0.599     0.722     0.786     0.850     0.980  5510 1.001
mu_c[2]      2.503   0.008  1.442     0.120     1.265     2.497     3.748     4.869 30000 1.000
std[1,1]     1.214   0.002  0.209     0.733     1.081     1.252     1.384     1.489 16233 1.000
std[1,2]     0.748   0.002  0.432     0.037     0.374     0.748     1.119     1.460 30000 1.000
std[2,1]     1.292   0.001  0.156     0.924     1.196     1.324     1.419     1.492 23545 1.000
std[2,2]     0.770   0.003  0.436     0.039     0.393     0.782     1.152     1.464 29819 1.000
std[3,1]     1.243   0.002  0.173     0.863     1.126     1.268     1.385     1.488 11050 1.000
std[3,2]     0.754   0.003  0.435     0.038     0.379     0.755     1.133     1.464 30000 1.000
std[4,1]     0.317   0.001  0.074     0.195     0.265     0.309     0.360     0.485 20158 1.000
std[4,2]     0.747   0.003  0.431     0.040     0.374     0.747     1.116     1.460 28464 1.000
lp__     -5905.138   0.177 17.039 -5938.890 -5916.448 -5905.144 -5893.847 -5872.000  9226 1.001