Inference for Stan model: MODEL-MIX_pvl_vs_pvl_d.
3 chains, each with iter=130; warmup=100; thin=1; 
post-warmup draws per chain=30, total post-warmup draws=90.

                        mean se_mean     sd     2.5%      25%      50%      75%    97.5% n_eff          Rhat
mu_A_pr                 0.80    0.37   0.67    -0.37     0.32     0.90     1.23     2.18     3  1.470000e+00
mu_a_pr                 0.13    0.32   0.54    -0.93    -0.26     0.14     0.56     1.08     3  1.360000e+00
mu_w_pr                -1.84    0.18   0.43    -2.69    -2.08    -1.84    -1.55    -1.07     6  1.270000e+00
mu_c_pr                -1.44    0.19   0.25    -1.83    -1.63    -1.51    -1.17    -1.01     2  2.500000e+00
sd_A                    0.79    0.12   0.45     0.06     0.38     0.85     1.21     1.41    15  1.370000e+00
sd_a                    1.29    0.03   0.15     0.94     1.19     1.29     1.42     1.50    27  1.070000e+00
sd_w                    1.22    0.03   0.22     0.64     1.13     1.28     1.39     1.48    46  1.050000e+00
sd_c                    0.33    0.16   0.20     0.02     0.08     0.42     0.47     0.64     2  2.920000e+00
raw[1,1]               -0.13    0.11   1.02    -2.31    -0.75    -0.10     0.46     2.13    85  1.000000e+00
raw[1,2]                0.16    0.11   0.98    -1.54    -0.52     0.17     0.70     2.27    81  9.900000e-01
raw[1,3]                0.01    0.10   0.99    -1.77    -0.69     0.02     0.69     1.85    90  1.030000e+00
raw[1,4]               -0.25    0.12   0.96    -2.12    -0.82    -0.24     0.30     1.74    62  1.020000e+00
raw[1,5]               -0.32    0.10   0.91    -2.04    -0.96    -0.30     0.21     1.53    78  9.900000e-01
raw[1,6]                0.09    0.10   0.79    -1.33    -0.46     0.04     0.69     1.58    65  1.060000e+00
raw[1,7]               -0.08    0.13   1.03    -1.97    -0.69    -0.13     0.59     1.99    67  1.020000e+00
raw[1,8]                0.10    0.14   0.92    -1.84    -0.49     0.02     0.81     1.79    41  1.060000e+00
raw[1,9]               -0.73    0.59   1.04    -2.47    -1.49    -0.88    -0.07     1.22     3  1.430000e+00
raw[1,10]              -0.34    0.11   0.89    -2.12    -0.86    -0.32     0.16     1.58    65  1.010000e+00
raw[1,11]               0.69    0.18   1.05    -1.20    -0.05     0.74     1.41     2.69    35  1.020000e+00
raw[1,12]              -0.06    0.11   0.91    -1.73    -0.72    -0.09     0.55     1.60    69  9.900000e-01
raw[1,13]              -0.13    0.12   1.00    -2.08    -0.75    -0.34     0.76     1.47    70  1.000000e+00
raw[1,14]              -0.05    0.19   0.87    -1.70    -0.57    -0.10     0.56     1.44    20  1.090000e+00
raw[1,15]               0.20    0.11   0.85    -1.38    -0.41     0.16     0.85     1.61    57  1.000000e+00
raw[1,16]               0.29    0.09   0.81    -1.21    -0.15     0.34     0.70     2.03    75  1.060000e+00
raw[1,17]               0.10    0.14   1.05    -1.74    -0.70    -0.12     1.07     1.94    56  9.800000e-01
raw[1,18]               0.01    0.17   1.18    -1.71    -0.97    -0.20     0.92     2.30    45  1.050000e+00
raw[1,19]               0.50    0.09   0.85    -0.93     0.03     0.57     1.03     2.06    90  9.800000e-01
raw[1,20]               0.28    0.20   1.12    -2.02    -0.44     0.35     1.11     2.26    33  1.100000e+00
raw[1,21]              -0.06    0.09   0.86    -2.00    -0.57    -0.04     0.38     1.57    90  1.030000e+00
raw[1,22]               0.03    0.40   0.95    -1.64    -0.64     0.15     0.69     2.02     6  1.170000e+00
raw[2,1]               -0.97    0.15   0.69    -2.25    -1.31    -0.92    -0.49     0.24    21  1.110000e+00
raw[2,2]                0.27    0.62   1.28    -2.04    -0.61     0.06     1.32     2.55     4  1.200000e+00
raw[2,3]               -0.72    0.08   0.73    -2.24    -1.16    -0.75    -0.15     0.45    90  1.020000e+00
raw[2,4]               -0.24    0.10   0.91    -1.77    -0.97    -0.23     0.45     1.43    86  1.010000e+00
raw[2,5]               -0.25    0.27   0.80    -2.04    -0.60    -0.12     0.34     0.93     9  1.130000e+00
raw[2,6]                1.46    0.06   0.54     0.59     0.99     1.42     1.86     2.53    83  1.000000e+00
raw[2,7]               -0.04    0.60   1.04    -2.28    -0.72     0.09     0.61     1.44     3  1.420000e+00
raw[2,8]               -0.59    0.07   0.61    -1.65    -0.99    -0.55    -0.14     0.53    81  1.010000e+00
raw[2,9]               -0.05    0.80   1.11    -1.89    -0.81    -0.31     0.94     1.98     2  2.110000e+00
raw[2,10]              -0.56    0.09   0.69    -2.07    -1.02    -0.51    -0.08     0.70    62  9.700000e-01
raw[2,11]               1.24    0.57   0.92    -0.66     0.81     1.21     1.66     3.10     3  1.490000e+00
raw[2,12]              -0.54    0.09   0.86    -2.09    -1.11    -0.53    -0.03     0.93    90  9.900000e-01
raw[2,13]               0.06    0.07   0.71    -1.24    -0.46     0.06     0.55     1.38    90  1.050000e+00
raw[2,14]               0.78    0.14   0.84    -1.37     0.39     0.74     1.31     2.68    39  1.050000e+00
raw[2,15]              -0.39    0.08   0.67    -1.75    -0.87    -0.29     0.10     0.76    76  1.010000e+00
raw[2,16]              -0.20    0.14   0.80    -1.68    -0.65    -0.29     0.30     1.50    32  1.070000e+00
raw[2,17]              -0.11    0.07   0.70    -1.82    -0.42     0.02     0.36     1.04    90  9.700000e-01
raw[2,18]              -0.77    0.30   0.78    -2.10    -1.32    -0.79    -0.33     0.92     7  1.130000e+00
raw[2,19]              -1.04    0.09   0.68    -2.46    -1.35    -0.99    -0.49     0.05    63  1.010000e+00
raw[2,20]               0.00    0.07   0.52    -1.22    -0.25     0.04     0.30     0.80    57  1.090000e+00
raw[2,21]              -0.44    0.10   0.91    -2.48    -1.04    -0.35     0.26     0.84    90  9.700000e-01
raw[2,22]               1.21    0.22   0.45     0.40     0.93     1.11     1.49     2.06     4  1.340000e+00
raw[3,1]               -0.71    0.54   0.95    -2.33    -1.24    -0.87    -0.34     1.35     3  1.490000e+00
raw[3,2]               -0.41    0.11   0.92    -2.15    -1.00    -0.48     0.19     1.44    66  1.040000e+00
raw[3,3]                0.43    0.54   0.82    -1.15    -0.15     0.60     1.04     1.69     2  1.600000e+00
raw[3,4]                0.07    0.10   0.87    -1.45    -0.33     0.20     0.55     1.56    74  1.000000e+00
raw[3,5]                0.49    0.56   0.86    -0.55    -0.07     0.22     0.85     2.53     2  1.580000e+00
raw[3,6]                0.62    0.81   1.08    -1.25    -0.49     0.99     1.48     1.95     2  2.430000e+00
raw[3,7]               -0.25    0.84   1.16    -1.81    -1.14    -0.57     0.60     2.12     2  2.090000e+00
raw[3,8]                0.22    0.29   0.63    -0.86    -0.16     0.12     0.60     1.57     5  1.170000e+00
raw[3,9]               -0.17    0.43   0.63    -1.36    -0.59    -0.10     0.35     0.86     2  1.760000e+00
raw[3,10]               0.12    0.43   0.91    -1.84    -0.40    -0.05     0.81     1.78     4  1.200000e+00
raw[3,11]               0.74    1.04   1.34    -1.53    -0.79     1.20     1.81     2.52     2  3.030000e+00
raw[3,12]              -0.96    0.14   0.97    -2.61    -1.53    -1.07    -0.58     1.14    50  1.060000e+00
raw[3,13]              -0.13    0.33   0.68    -1.39    -0.60    -0.07     0.37     1.03     4  1.220000e+00
raw[3,14]               0.23    0.16   0.69    -0.85    -0.29     0.23     0.64     1.44    18  1.110000e+00
raw[3,15]               0.28    0.19   0.82    -1.27    -0.25     0.31     0.90     1.58    19  1.090000e+00
raw[3,16]               0.00    0.62   0.99    -2.05    -0.58     0.08     0.61     1.53     3  1.470000e+00
raw[3,17]               0.45    0.07   0.61    -0.47    -0.03     0.43     0.77     1.64    80  9.900000e-01
raw[3,18]              -1.32    0.08   0.75    -2.67    -1.86    -1.39    -0.93     0.26    90  1.000000e+00
raw[3,19]               0.33    0.09   0.58    -0.78    -0.03     0.27     0.62     1.98    43  1.050000e+00
raw[3,20]              -0.22    1.18   1.55    -2.69    -1.28    -0.74     1.38     2.53     2  2.610000e+00
raw[3,21]              -0.35    0.40   0.94    -2.18    -1.02    -0.40     0.46     1.17     6  1.220000e+00
raw[3,22]               1.14    1.03   1.33    -1.26    -0.34     1.75     2.16     2.81     2  3.120000e+00
raw[4,1]                0.98    0.44   0.83    -1.22     0.81     1.19     1.43     2.00     4  1.310000e+00
raw[4,2]               -0.63    0.37   0.77    -1.95    -1.18    -0.66    -0.12     0.95     4  1.220000e+00
raw[4,3]               -0.45    0.47   0.90    -1.98    -1.00    -0.61    -0.04     1.56     4  1.260000e+00
raw[4,4]               -0.41    0.32   0.81    -2.20    -0.87    -0.39     0.08     0.91     6  1.110000e+00
raw[4,5]                0.61    0.07   0.63    -0.47     0.18     0.59     0.91     2.20    90  1.010000e+00
raw[4,6]               -0.77    0.39   0.78    -2.22    -1.32    -0.83    -0.51     0.96     4  1.230000e+00
raw[4,7]                0.55    0.46   0.88    -2.11     0.33     0.80     1.09     1.58     4  1.500000e+00
raw[4,8]                0.37    0.10   0.67    -1.35     0.12     0.46     0.77     1.62    41  1.010000e+00
raw[4,9]                0.49    0.08   0.77    -1.51     0.24     0.57     1.01     1.74    90  1.040000e+00
raw[4,10]               0.35    0.40   0.76    -1.44    -0.11     0.55     0.84     1.40     4  1.240000e+00
raw[4,11]              -0.61    0.15   0.76    -1.75    -1.13    -0.72    -0.18     1.07    25  1.080000e+00
raw[4,12]               0.01    0.08   0.73    -1.29    -0.47     0.04     0.46     1.30    90  1.060000e+00
raw[4,13]              -0.11    0.07   0.62    -1.22    -0.62    -0.01     0.27     0.96    73  9.900000e-01
raw[4,14]              -0.63    0.17   0.88    -2.25    -0.98    -0.59    -0.10     1.15    26  1.100000e+00
raw[4,15]              -1.01    0.29   0.87    -2.32    -1.61    -1.11    -0.57     1.04     9  1.150000e+00
raw[4,16]               0.48    0.08   0.76    -1.08     0.17     0.58     1.00     1.72    90  1.070000e+00
raw[4,17]              -0.11    0.07   0.67    -1.57    -0.44    -0.08     0.25     1.29    90  1.010000e+00
raw[4,18]               0.19    0.33   0.65    -1.21    -0.23     0.26     0.61     1.20     4  1.220000e+00
raw[4,19]               0.34    0.07   0.62    -1.04    -0.02     0.41     0.67     1.53    90  1.000000e+00
raw[4,20]               1.03    0.51   0.76    -0.53     0.72     1.24     1.54     2.20     2  1.640000e+00
raw[4,21]              -1.02    0.46   0.84    -2.14    -1.69    -1.25    -0.50     0.46     3  1.380000e+00
raw[4,22]              -0.28    0.29   0.69    -1.16    -0.66    -0.48    -0.16     1.64     6  1.290000e+00
lp_parts[1]         -2959.58   35.49  44.51 -3006.78 -2990.33 -2984.00 -2899.65 -2892.89     2  5.680000e+00
lp_parts[2]         -3189.73  428.14 614.61 -4844.38 -3491.41 -2843.16 -2833.62 -2825.83     2  1.850000e+00
lp_tmp[1,1,1]          -1.16    0.04   0.18    -1.38    -1.29    -1.21    -1.08    -0.78    23  1.140000e+00
lp_tmp[1,1,2]          -1.55    0.01   0.12    -1.84    -1.62    -1.51    -1.45    -1.39    90  1.050000e+00
lp_tmp[1,1,3]          -1.10    0.02   0.18    -1.38    -1.23    -1.12    -0.96    -0.74    90  1.050000e+00
lp_tmp[1,1,4]          -1.02    0.02   0.20    -1.38    -1.17    -1.01    -0.87    -0.63    90  1.020000e+00
lp_tmp[1,1,5]          -1.67    0.02   0.19    -2.13    -1.79    -1.65    -1.53    -1.39    90  1.010000e+00
lp_tmp[1,1,6]          -1.51    0.01   0.09    -1.71    -1.56    -1.49    -1.45    -1.39    90  1.010000e+00
lp_tmp[1,1,7]          -1.54    0.01   0.10    -1.76    -1.59    -1.52    -1.46    -1.39    90  1.020000e+00
lp_tmp[1,1,8]          -1.45    0.01   0.06    -1.57    -1.49    -1.44    -1.42    -1.38    90  1.010000e+00
lp_tmp[1,1,9]          -1.03    0.02   0.18    -1.38    -1.15    -1.02    -0.90    -0.71    90  1.030000e+00
lp_tmp[1,1,10]         -0.98    0.02   0.19    -1.38    -1.10    -0.96    -0.87    -0.65    90  1.020000e+00
lp_tmp[1,1,11]         -1.60    0.02   0.14    -1.89    -1.70    -1.58    -1.49    -1.39    90  1.060000e+00
lp_tmp[1,1,12]         -1.48    0.01   0.08    -1.65    -1.52    -1.46    -1.42    -1.38    90  1.010000e+00
lp_tmp[1,1,13]         -0.95    0.02   0.20    -1.37    -1.06    -0.93    -0.84    -0.62    90  1.020000e+00
lp_tmp[1,1,14]         -0.93    0.02   0.20    -1.37    -1.03    -0.90    -0.80    -0.59    90  1.030000e+00
lp_tmp[1,1,15]         -0.90    0.02   0.20    -1.37    -0.99    -0.89    -0.78    -0.57    90  1.030000e+00
lp_tmp[1,1,16]         -1.12    0.05   0.22    -1.55    -1.26    -1.10    -0.96    -0.80    18  1.170000e+00
lp_tmp[1,1,17]         -0.99    0.02   0.17    -1.37    -1.08    -0.97    -0.88    -0.73    75  1.050000e+00
lp_tmp[1,1,18]         -1.58    0.02   0.13    -1.84    -1.67    -1.57    -1.49    -1.39    50  1.110000e+00
lp_tmp[1,1,19]         -1.47    0.01   0.07    -1.62    -1.52    -1.46    -1.43    -1.36    90  1.030000e+00
lp_tmp[1,1,20]         -0.94    0.02   0.18    -1.37    -1.04    -0.92    -0.81    -0.68    82  1.050000e+00
lp_tmp[1,1,21]         -0.91    0.02   0.18    -1.36    -1.01    -0.88    -0.77    -0.63    82  1.040000e+00
lp_tmp[1,1,22]         -0.89    0.02   0.19    -1.36    -0.97    -0.87    -0.75    -0.60    80  1.050000e+00
lp_tmp[1,1,23]         -1.11    0.08   0.23    -1.55    -1.28    -1.08    -0.92    -0.75     8  1.180000e+00
lp_tmp[1,1,24]         -1.55    0.02   0.12    -1.81    -1.61    -1.53    -1.46    -1.38    28  1.160000e+00
lp_tmp[1,1,25]         -1.44    0.01   0.07    -1.56    -1.49    -1.43    -1.40    -1.31    67  1.030000e+00
lp_tmp[1,1,26]         -1.54    0.02   0.12    -1.80    -1.60    -1.52    -1.45    -1.37    25  1.160000e+00
lp_tmp[1,1,27]         -0.96    0.02   0.17    -1.36    -1.06    -0.94    -0.84    -0.70    64  1.070000e+00
lp_tmp[1,1,28]         -0.92    0.02   0.18    -1.36    -1.02    -0.90    -0.78    -0.66    72  1.060000e+00
lp_tmp[1,1,29]         -0.89    0.02   0.19    -1.35    -0.99    -0.87    -0.75    -0.62    74  1.060000e+00
lp_tmp[1,1,30]         -1.84    0.02   0.22    -2.32    -2.00    -1.84    -1.70    -1.41    90  1.040000e+00
lp_tmp[1,1,31]         -1.58    0.08   0.20    -1.89    -1.72    -1.60    -1.51    -1.15     6  1.280000e+00
lp_tmp[1,1,32]         -1.45    0.07   0.17    -1.71    -1.56    -1.48    -1.36    -1.10     6  1.210000e+00
lp_tmp[1,1,33]         -0.91    0.02   0.17    -1.35    -1.01    -0.90    -0.79    -0.67    71  1.060000e+00
lp_tmp[1,1,34]         -1.72    0.02   0.19    -2.14    -1.83    -1.72    -1.59    -1.39    90  1.030000e+00
lp_tmp[1,1,35]         -1.59    0.02   0.13    -1.83    -1.69    -1.57    -1.50    -1.39    64  1.060000e+00
lp_tmp[1,1,36]         -1.59    0.01   0.13    -1.81    -1.67    -1.59    -1.49    -1.39    90  1.040000e+00
lp_tmp[1,1,37]         -1.67    0.02   0.17    -2.03    -1.79    -1.67    -1.55    -1.39    90  1.040000e+00
lp_tmp[1,1,38]         -0.93    0.02   0.17    -1.35    -1.02    -0.93    -0.81    -0.67    63  1.070000e+00
lp_tmp[1,1,39]         -0.92    0.02   0.17    -1.35    -1.01    -0.92    -0.79    -0.65    61  1.070000e+00
lp_tmp[1,1,40]         -1.15    0.10   0.26    -1.66    -1.32    -1.10    -0.95    -0.79     8  1.190000e+00
lp_tmp[1,1,41]         -1.02    0.03   0.16    -1.36    -1.11    -1.02    -0.91    -0.73    31  1.070000e+00
lp_tmp[1,1,42]         -0.97    0.03   0.16    -1.35    -1.06    -0.97    -0.86    -0.70    31  1.080000e+00
lp_tmp[1,1,43]         -0.94    0.02   0.16    -1.34    -1.03    -0.94    -0.83    -0.67    54  1.080000e+00
lp_tmp[1,1,44]         -1.56    0.01   0.12    -1.77    -1.65    -1.54    -1.47    -1.39    81  1.050000e+00
lp_tmp[1,1,45]         -1.51    0.01   0.10    -1.69    -1.58    -1.50    -1.43    -1.33    82  1.040000e+00
lp_tmp[1,1,46]         -1.47    0.01   0.09    -1.63    -1.54    -1.47    -1.41    -1.28    87  1.020000e+00
lp_tmp[1,1,47]         -1.50    0.02   0.12    -1.69    -1.58    -1.51    -1.41    -1.25    47  1.090000e+00
lp_tmp[1,1,48]         -1.64    0.04   0.18    -1.96    -1.76    -1.63    -1.52    -1.35    20  1.130000e+00
lp_tmp[1,1,49]         -1.58    0.03   0.16    -1.88    -1.69    -1.56    -1.46    -1.30    25  1.090000e+00
lp_tmp[1,1,50]         -1.63    0.02   0.17    -1.98    -1.75    -1.62    -1.49    -1.38    90  1.070000e+00
....
lp_tmp[2,22,97]        -1.03    0.30   0.39    -1.60    -1.50    -0.86    -0.72    -0.50     2  2.830000e+00
lp_tmp[2,22,98]        -1.10    0.26   0.34    -1.60    -1.50    -1.02    -0.84    -0.59     2  2.610000e+00
lp_tmp[2,22,99]        -1.02    0.30   0.39    -1.60    -1.50    -0.85    -0.71    -0.50     2  2.860000e+00
max_lp              -2857.56   23.52  29.59 -2904.74 -2895.10 -2843.16 -2833.62 -2825.83     2  5.570000e+00
min_lp              -3291.74  370.50 557.06 -4844.38 -3491.41 -2996.69 -2985.70 -2977.45     2  1.660000e+00
A_ind[1]                0.70    0.11   0.29     0.05     0.59     0.78     0.92     1.00     7  1.210000e+00
A_ind[2]                0.74    0.09   0.27     0.04     0.61     0.85     0.94     1.00     9  1.200000e+00
A_ind[3]                0.73    0.10   0.25     0.12     0.56     0.80     0.93     1.00     6  1.250000e+00
A_ind[4]                0.67    0.11   0.28     0.07     0.50     0.73     0.89     0.99     7  1.220000e+00
A_ind[5]                0.66    0.12   0.28     0.08     0.44     0.73     0.89     0.99     5  1.280000e+00
A_ind[6]                0.76    0.03   0.18     0.35     0.64     0.77     0.92     0.99    38  1.100000e+00
A_ind[7]                0.67    0.11   0.27     0.01     0.51     0.70     0.91     1.00     6  1.240000e+00
A_ind[8]                0.75    0.09   0.23     0.25     0.59     0.83     0.94     1.00     7  1.130000e+00
A_ind[9]                0.54    0.22   0.34     0.02     0.21     0.53     0.87     1.00     2  2.050000e+00
A_ind[10]               0.67    0.12   0.28     0.05     0.51     0.75     0.87     1.00     5  1.210000e+00
A_ind[11]               0.82    0.07   0.24     0.10     0.80     0.92     0.99     1.00    12  1.180000e+00
A_ind[12]               0.71    0.11   0.27     0.10     0.58     0.76     0.93     1.00     6  1.180000e+00
A_ind[13]               0.71    0.06   0.25     0.14     0.58     0.77     0.91     1.00    17  1.120000e+00
A_ind[14]               0.74    0.04   0.23     0.17     0.59     0.79     0.92     1.00    30  1.080000e+00
A_ind[15]               0.77    0.05   0.24     0.13     0.72     0.85     0.94     0.99    23  1.090000e+00
A_ind[16]               0.81    0.06   0.18     0.47     0.70     0.87     0.95     1.00    10  1.160000e+00
A_ind[17]               0.72    0.05   0.27     0.13     0.56     0.79     0.95     1.00    36  1.070000e+00
A_ind[18]               0.65    0.12   0.32     0.04     0.40     0.72     0.94     1.00     7  1.290000e+00
A_ind[19]               0.82    0.05   0.19     0.35     0.70     0.91     0.95     1.00    15  1.100000e+00
A_ind[20]               0.81    0.04   0.21     0.27     0.69     0.88     0.97     1.00    30  1.080000e+00
A_ind[21]               0.70    0.08   0.27     0.02     0.60     0.79     0.91     0.99    11  1.240000e+00
A_ind[22]               0.77    0.02   0.15     0.50     0.66     0.76     0.88     1.00    90  9.900000e-01
w_ind[1]                0.04    0.02   0.08     0.00     0.00     0.01     0.04     0.32    17  1.170000e+00
w_ind[2]                1.19    0.80   1.58     0.00     0.01     0.20     2.50     4.77     4  1.210000e+00
w_ind[3]                0.11    0.02   0.20     0.00     0.00     0.02     0.12     0.70    90  1.040000e+00
w_ind[4]                0.45    0.13   0.80     0.00     0.01     0.09     0.35     2.73    37  1.130000e+00
w_ind[5]                0.29    0.15   0.38     0.00     0.02     0.11     0.43     1.17     6  1.150000e+00
w_ind[6]                2.35    0.13   1.13     0.72     1.45     2.22     3.17     4.58    78  9.800000e-01
w_ind[7]                0.57    0.33   0.84     0.00     0.01     0.35     0.69     2.76     6  1.200000e+00
w_ind[8]                0.13    0.06   0.28     0.00     0.00     0.03     0.13     0.69    22  1.040000e+00
w_ind[9]                0.63    0.64   0.95     0.00     0.02     0.10     0.98     3.00     2  1.720000e+00
w_ind[10]               0.13    0.02   0.18     0.00     0.00     0.04     0.18     0.56    90  1.000000e+00
w_ind[11]               1.99    0.88   1.35     0.05     1.07     1.74     2.67     4.81     2  1.590000e+00
w_ind[12]               0.24    0.06   0.61     0.00     0.00     0.03     0.16     2.15    90  9.900000e-01
w_ind[13]               0.46    0.13   0.63     0.00     0.04     0.23     0.78     2.11    23  1.100000e+00
w_ind[14]               1.29    0.23   1.22     0.00     0.45     0.87     1.94     4.49    27  1.090000e+00
w_ind[15]               0.23    0.06   0.41     0.00     0.01     0.07     0.24     1.46    53  1.050000e+00
w_ind[16]               0.37    0.16   0.75     0.00     0.01     0.10     0.41     2.86    23  1.100000e+00
w_ind[17]               0.29    0.04   0.28     0.00     0.05     0.21     0.47     0.89    41  1.080000e+00
w_ind[18]               0.08    0.02   0.15     0.00     0.00     0.03     0.07     0.56    69  1.050000e+00
w_ind[19]               0.03    0.01   0.06     0.00     0.00     0.01     0.02     0.19    90  1.020000e+00
w_ind[20]               0.29    0.13   0.32     0.00     0.08     0.19     0.42     0.90     6  1.130000e+00
w_ind[21]               0.27    0.05   0.38     0.00     0.00     0.10     0.39     1.40    62  1.020000e+00
w_ind[22]               1.82    0.28   0.73     0.85     1.36     1.65     2.20     3.49     7  1.120000e+00
a_ind[1]                0.28    0.08   0.27     0.00     0.09     0.19     0.35     0.97    11  1.250000e+00
a_ind[2]                0.39    0.04   0.33     0.00     0.11     0.29     0.70     0.99    58  1.070000e+00
a_ind[3]                0.68    0.27   0.36     0.04     0.25     0.89     0.95     1.00     2  2.530000e+00
a_ind[4]                0.58    0.16   0.32     0.02     0.34     0.63     0.87     0.98     4  1.190000e+00
a_ind[5]                0.72    0.07   0.16     0.41     0.61     0.70     0.83     0.99     5  1.170000e+00
a_ind[6]                0.69    0.33   0.41     0.02     0.13     0.96     0.98     1.00     2  5.150000e+00
a_ind[7]                0.43    0.22   0.32     0.02     0.16     0.38     0.65     0.98     2  1.780000e+00
a_ind[8]                0.63    0.02   0.20     0.12     0.54     0.65     0.77     0.98    90  9.800000e-01
a_ind[9]                0.52    0.25   0.31     0.02     0.14     0.68     0.77     0.87     2  4.050000e+00
a_ind[10]               0.59    0.04   0.26     0.04     0.45     0.62     0.77     0.97    50  1.030000e+00
a_ind[11]               0.67    0.36   0.44     0.02     0.07     0.98     1.00     1.00     2  1.604000e+01
a_ind[12]               0.21    0.03   0.24     0.00     0.04     0.12     0.28     0.83    51  1.090000e+00
a_ind[13]               0.48    0.03   0.26     0.05     0.28     0.49     0.70     0.94    90  1.010000e+00
a_ind[14]               0.60    0.20   0.31     0.11     0.27     0.70     0.90     0.98     3  1.510000e+00
a_ind[15]               0.63    0.18   0.34     0.03     0.29     0.75     0.92     1.00     3  1.290000e+00
a_ind[16]               0.55    0.12   0.29     0.02     0.28     0.66     0.79     0.96     5  1.190000e+00
a_ind[17]               0.72    0.14   0.24     0.13     0.56     0.80     0.90     0.97     3  1.360000e+00
a_ind[18]               0.14    0.02   0.19     0.00     0.01     0.07     0.17     0.65    90  1.070000e+00
a_ind[19]               0.69    0.09   0.23     0.08     0.65     0.76     0.82     0.98     7  1.240000e+00
a_ind[20]               0.42    0.30   0.38     0.00     0.12     0.28     0.86     1.00     2  3.520000e+00
a_ind[21]               0.43    0.20   0.37     0.00     0.07     0.33     0.85     0.97     3  1.410000e+00
a_ind[22]               0.71    0.33   0.41     0.05     0.19     1.00     1.00     1.00     2  1.084000e+01
c_ind[1]                0.76    0.05   0.14     0.53     0.67     0.77     0.87     0.97     8  1.150000e+00
c_ind[2]                0.31    0.21   0.27     0.04     0.09     0.17     0.62     0.78     2  3.880000e+00
c_ind[3]                0.33    0.22   0.28     0.04     0.11     0.19     0.64     0.80     2  4.540000e+00
c_ind[4]                0.34    0.20   0.26     0.05     0.13     0.24     0.62     0.81     2  2.700000e+00
c_ind[5]                0.54    0.09   0.15     0.30     0.44     0.54     0.63     0.88     3  1.640000e+00
c_ind[6]                0.29    0.22   0.27     0.05     0.09     0.13     0.58     0.78     2  4.290000e+00
c_ind[7]                0.63    0.02   0.11     0.40     0.59     0.64     0.69     0.82    25  1.090000e+00
c_ind[8]                0.51    0.10   0.15     0.27     0.40     0.50     0.64     0.79     2  1.710000e+00
c_ind[9]                0.55    0.08   0.13     0.32     0.44     0.54     0.65     0.80     3  1.350000e+00
c_ind[10]               0.55    0.05   0.14     0.25     0.46     0.57     0.64     0.82     7  1.160000e+00
c_ind[11]               0.31    0.21   0.26     0.06     0.10     0.16     0.58     0.81     2  3.390000e+00
c_ind[12]               0.44    0.12   0.20     0.10     0.28     0.46     0.61     0.78     3  1.490000e+00
c_ind[13]               0.41    0.15   0.21     0.09     0.23     0.39     0.60     0.80     2  1.820000e+00
c_ind[14]               0.31    0.20   0.25     0.03     0.13     0.19     0.60     0.80     2  3.670000e+00
c_ind[15]               0.27    0.22   0.27     0.02     0.06     0.12     0.57     0.80     2  3.800000e+00
c_ind[16]               0.57    0.08   0.16     0.26     0.42     0.60     0.68     0.82     4  1.200000e+00
c_ind[17]               0.40    0.16   0.22     0.06     0.23     0.31     0.61     0.81     2  2.210000e+00
c_ind[18]               0.51    0.09   0.17     0.19     0.40     0.53     0.63     0.79     3  1.300000e+00
c_ind[19]               0.50    0.11   0.17     0.25     0.37     0.48     0.62     0.82     2  1.790000e+00
c_ind[20]               0.80    0.08   0.13     0.60     0.68     0.80     0.89     1.04     3  1.380000e+00
c_ind[21]               0.26    0.22   0.28     0.02     0.05     0.10     0.58     0.78     2  4.540000e+00
c_ind[22]               0.34    0.20   0.26     0.10     0.16     0.20     0.60     0.85     2  3.790000e+00
mu_A                    0.75    0.09   0.18     0.35     0.62     0.82     0.89     0.99     4  1.430000e+00
mu_w                    0.22    0.05   0.19     0.02     0.09     0.16     0.30     0.71    15  1.170000e+00
mu_a                    0.55    0.12   0.19     0.18     0.40     0.56     0.71     0.86     3  1.380000e+00
mu_c                    0.41    0.15   0.19     0.17     0.26     0.33     0.61     0.78     2  3.050000e+00
prob[1]                 0.33    0.05   0.47     0.00     0.00     0.00     1.00     1.00    90  7.551791e+58
prob[2]                 0.67    0.05   0.47     0.00     0.00     1.00     1.00     1.00    90 2.505472e+137
z                       0.33    0.05   0.47     0.00     0.00     0.00     1.00     1.00    90           Inf
lp__                -2915.22   24.46  31.05 -2966.43 -2952.02 -2902.42 -2891.84 -2879.98     2  4.490000e+00