Inference for Bugs model at "GCM_3J.txt", fit using jags,
 2 chains, each with 11000 iterations (first 1000 discarded)
 n.sims = 20000 iterations saved
             mu.vect sd.vect     2.5%      25%      50%      75%    97.5%  Rhat n.eff
c[1]           1.084   0.258    0.576    0.912    1.085    1.256    1.594 1.003   630
c[2]           1.288   0.320    0.682    1.074    1.274    1.491    1.949 1.007   320
c[3]           1.047   0.242    0.577    0.885    1.044    1.204    1.532 1.003   610
c[4]           1.501   0.299    0.955    1.297    1.485    1.685    2.134 1.001  8800
c[5]           1.417   0.276    0.904    1.229    1.410    1.592    1.995 1.002  4400
c[6]           1.949   0.327    1.366    1.721    1.928    2.155    2.648 1.003   600
c[7]           0.920   0.262    0.416    0.747    0.919    1.087    1.428 1.010   670
c[8]           1.801   0.321    1.232    1.583    1.781    1.995    2.496 1.001 15000
c[9]           1.747   0.289    1.215    1.551    1.735    1.930    2.359 1.001 20000
c[10]          1.703   0.307    1.154    1.490    1.686    1.892    2.370 1.002  2300
c[11]          1.887   0.319    1.319    1.669    1.865    2.086    2.575 1.001  3800
c[12]          1.449   0.273    0.933    1.265    1.440    1.624    2.011 1.001  2900
c[13]          1.568   0.281    1.050    1.373    1.559    1.747    2.153 1.001  4800
c[14]          1.765   0.290    1.237    1.564    1.753    1.949    2.374 1.001 12000
c[15]          0.883   0.274    0.376    0.704    0.874    1.049    1.430 1.010   220
c[16]          1.338   0.275    0.816    1.153    1.330    1.512    1.902 1.001  3500
c[17]          1.943   0.328    1.362    1.715    1.918    2.145    2.649 1.001  6800
c[18]          1.378   0.270    0.871    1.197    1.371    1.553    1.931 1.001  3000
c[19]          1.749   0.294    1.208    1.547    1.739    1.933    2.364 1.001 20000
c[20]          1.801   0.308    1.250    1.590    1.783    1.994    2.450 1.002  1200
c[21]          0.991   0.257    0.495    0.819    0.990    1.158    1.504 1.004   490
c[22]          1.060   0.611    0.121    0.540    1.020    1.519    2.279 1.024    72
c[23]          0.989   0.469    0.245    0.665    0.916    1.241    2.088 1.058    41
c[24]          0.946   0.318    0.378    0.733    0.926    1.133    1.641 1.034    93
c[25]          1.382   0.335    0.765    1.151    1.368    1.596    2.086 1.001  3000
c[26]          1.431   0.317    0.862    1.217    1.412    1.625    2.110 1.001 20000
c[27]          1.059   0.303    0.497    0.854    1.049    1.255    1.683 1.002  2000
c[28]          1.983   0.364    1.367    1.729    1.949    2.196    2.793 1.002  1500
c[29]          1.295   0.595    0.074    0.944    1.346    1.685    2.417 1.011   440
c[30]          1.292   0.263    0.780    1.117    1.292    1.466    1.806 1.002  2500
c[31]          1.295   0.596    0.064    0.951    1.348    1.685    2.400 1.027   160
c[32]          1.414   0.272    0.894    1.232    1.409    1.590    1.971 1.001 20000
c[33]          1.516   0.330    0.926    1.287    1.494    1.724    2.211 1.001  4900
c[34]          1.192   0.304    0.620    0.987    1.183    1.387    1.825 1.004  2300
c[35]          1.177   0.254    0.693    1.003    1.175    1.345    1.689 1.004   430
c[36]          0.908   0.340    0.312    0.689    0.884    1.090    1.694 1.005   340
c[37]          1.622   0.284    1.092    1.428    1.610    1.804    2.217 1.001 13000
c[38]          1.207   0.613    0.093    0.752    1.274    1.636    2.331 1.019   150
c[39]          1.711   0.359    1.081    1.465    1.682    1.931    2.497 1.001  9900
c[40]          1.173   0.606    0.097    0.681    1.222    1.600    2.315 1.011   290
cpredg[1]      1.392   0.513    0.367    1.060    1.388    1.719    2.432 1.009   890
cpredg[2]      1.405   0.516    0.373    1.074    1.398    1.728    2.445 1.005  1100
delta          0.706   0.144    0.197    0.696    0.736    0.768    0.917 1.013   400
muc            1.376   0.140    1.069    1.305    1.387    1.464    1.607 1.059    96
muw[1]         0.161   0.271    0.002    0.016    0.040    0.094    0.938 1.015   110
muw[2]         0.811   0.092    0.707    0.758    0.781    0.816    1.000 1.013   270
phic           0.131   0.062    0.027    0.086    0.125    0.169    0.266 1.036    67
phig           0.733   0.157    0.214    0.700    0.768    0.822    0.918 1.023 20000
predyg[1,1]    5.316   1.524    2.000    4.000    5.000    6.000    8.000 1.003   730
predyg[2,1]    6.809   1.208    4.000    6.000    7.000    8.000    8.000 1.001 20000
predyg[3,1]    4.006   1.416    1.000    3.000    4.000    5.000    7.000 1.001 13000
predyg[1,2]    4.380   1.665    1.000    3.000    4.000    6.000    8.000 1.004   530
predyg[2,2]    6.441   1.349    3.000    6.000    7.000    7.000    8.000 1.001 20000
predyg[3,2]    3.985   1.415    1.000    3.000    4.000    5.000    7.000 1.001 17000
predyg[1,3]    6.618   1.275    4.000    6.000    7.000    8.000    8.000 1.001  8300
predyg[2,3]    5.869   1.415    3.000    5.000    6.000    7.000    8.000 1.001  5300
predyg[3,3]    3.995   1.420    1.000    3.000    4.000    5.000    7.000 1.001 20000
predyg[1,4]    1.401   1.359    0.000    0.000    1.000    2.000    5.000 1.001 20000
predyg[2,4]    2.924   1.560    0.000    2.000    3.000    4.000    6.000 1.001 20000
predyg[3,4]    3.985   1.413    1.000    3.000    4.000    5.000    7.000 1.001 20000
predyg[1,5]    6.455   1.359    3.000    6.000    7.000    7.000    8.000 1.001 17000
predyg[2,5]    5.165   1.531    2.000    4.000    5.000    6.000    8.000 1.001  4800
predyg[3,5]    3.990   1.414    1.000    3.000    4.000    5.000    7.000 1.001 18000
predyg[1,6]    1.252   1.257    0.000    0.000    1.000    2.000    4.000 1.001 20000
predyg[2,6]    2.218   1.439    0.000    1.000    2.000    3.000    5.000 1.002  1500
predyg[3,6]    4.006   1.423    1.000    3.000    4.000    5.000    7.000 1.001 20000
predyg[1,7]    3.801   1.696    0.000    3.000    4.000    5.000    7.000 1.003   880
predyg[2,7]    1.540   1.363    0.000    0.000    1.000    2.000    5.000 1.001  6300
predyg[3,7]    4.007   1.416    1.000    3.000    4.000    5.000    7.000 1.001 20000
predyg[1,8]    2.857   1.569    0.000    2.000    3.000    4.000    6.000 1.002  1100
predyg[2,8]    1.190   1.224    0.000    0.000    1.000    2.000    4.000 1.001  4400
predyg[3,8]    3.981   1.412    1.000    3.000    4.000    5.000    7.000 1.001 20000
sigmac         0.506   0.150    0.275    0.403    0.484    0.584    0.860 1.021    78
sigmaw         0.181   0.261    0.010    0.032    0.060    0.137    0.899 1.010   840
w[1]           0.671   0.179    0.109    0.640    0.736    0.779    0.854 1.221    32
w[2]           0.139   0.162    0.004    0.037    0.079    0.172    0.679 1.007   510
w[3]           0.804   0.078    0.662    0.758    0.794    0.846    0.977 1.002  1300
w[4]           0.808   0.073    0.677    0.763    0.798    0.849    0.969 1.002  2000
w[5]           0.824   0.074    0.700    0.773    0.810    0.873    0.980 1.002  2200
w[6]           0.750   0.070    0.574    0.719    0.761    0.793    0.865 1.001 20000
w[7]           0.722   0.126    0.345    0.692    0.754    0.792    0.892 1.003  5300
w[8]           0.788   0.065    0.655    0.753    0.786    0.823    0.926 1.001 12000
w[9]           0.690   0.113    0.388    0.645    0.724    0.768    0.822 1.001  4700
w[10]          0.809   0.068    0.688    0.765    0.800    0.849    0.961 1.001  7400
w[11]          0.759   0.068    0.593    0.726    0.766    0.800    0.882 1.001 20000
w[12]          0.778   0.073    0.615    0.742    0.778    0.816    0.930 1.003 17000
w[13]          0.733   0.092    0.480    0.699    0.754    0.789    0.864 1.001 20000
w[14]          0.690   0.118    0.365    0.646    0.726    0.770    0.826 1.031   260
w[15]          0.744   0.112    0.426    0.711    0.765    0.802    0.921 1.020  1200
w[16]          0.811   0.074    0.679    0.764    0.801    0.853    0.974 1.002 11000
w[17]          0.750   0.071    0.570    0.717    0.760    0.793    0.868 1.001  5100
w[18]          0.799   0.073    0.661    0.756    0.792    0.840    0.961 1.001  3000
w[19]          0.724   0.089    0.486    0.689    0.745    0.781    0.847 1.002  1900
w[20]          0.755   0.070    0.582    0.723    0.765    0.798    0.877 1.003  2900
w[21]          0.786   0.085    0.604    0.746    0.784    0.828    0.962 1.030 20000
w[22]          0.647   0.280    0.018    0.641    0.761    0.808    0.959 1.389    10
w[23]          0.246   0.313    0.003    0.027    0.066    0.506    0.872 1.311     9
w[24]          0.263   0.285    0.005    0.045    0.114    0.461    0.813 1.159    14
w[25]          0.130   0.146    0.005    0.037    0.078    0.164    0.596 1.002 20000
w[26]          0.829   0.076    0.699    0.775    0.815    0.882    0.984 1.002  1600
w[27]          0.076   0.102    0.002    0.022    0.048    0.090    0.340 1.003   700
w[28]          0.793   0.063    0.668    0.756    0.790    0.828    0.924 1.001 20000
w[29]          0.699   0.204    0.072    0.696    0.763    0.804    0.936 1.019   350
w[30]          0.706   0.125    0.346    0.673    0.743    0.783    0.855 1.003  2500
w[31]          0.619   0.285    0.014    0.545    0.749    0.797    0.938 1.023   310
w[32]          0.709   0.114    0.385    0.674    0.742    0.781    0.849 1.015   350
w[33]          0.038   0.034    0.001    0.013    0.028    0.052    0.127 1.002  1400
w[34]          0.041   0.057    0.001    0.013    0.028    0.053    0.149 1.001  4200
w[35]          0.797   0.076    0.649    0.753    0.790    0.837    0.965 1.003  4300
w[36]          0.779   0.119    0.501    0.744    0.785    0.832    0.969 1.228   120
w[37]          0.720   0.094    0.467    0.684    0.743    0.780    0.846 1.019   450
w[38]          0.483   0.341    0.008    0.077    0.666    0.779    0.928 1.006   290
w[39]          0.035   0.030    0.001    0.013    0.027    0.050    0.111 1.002  1300
w[40]          0.604   0.289    0.016    0.444    0.744    0.793    0.927 1.029   120
wpredg[1]      0.159   0.230    0.003    0.028    0.062    0.152    0.875 1.005   400
wpredg[2]      0.735   0.154    0.223    0.714    0.768    0.807    0.949 1.002  2100
z[1]           1.863   0.347    1.000    2.000    2.000    2.000    2.000 1.058    64
z[2]           1.154   0.361    1.000    1.000    1.000    1.000    2.000 1.009   370
z[3]           1.923   0.269    1.000    2.000    2.000    2.000    2.000 1.002  2900
z[4]           1.923   0.267    1.000    2.000    2.000    2.000    2.000 1.002  3800
z[5]           1.926   0.261    1.000    2.000    2.000    2.000    2.000 1.001  7800
z[6]           1.919   0.273    1.000    2.000    2.000    2.000    2.000 1.002  3400
z[7]           1.925   0.311    1.000    2.000    2.000    2.000    2.000 1.002  2600
z[8]           1.920   0.271    1.000    2.000    2.000    2.000    2.000 1.002  3300
z[9]           1.904   0.295    1.000    2.000    2.000    2.000    2.000 1.001 11000
z[10]          1.923   0.266    1.000    2.000    2.000    2.000    2.000 1.002  4100
z[11]          1.917   0.276    1.000    2.000    2.000    2.000    2.000 1.003  2300
z[12]          1.921   0.270    1.000    2.000    2.000    2.000    2.000 1.002  4100
z[13]          1.916   0.278    1.000    2.000    2.000    2.000    2.000 1.004  1500
z[14]          1.899   0.302    1.000    2.000    2.000    2.000    2.000 1.006   770
z[15]          1.947   0.326    1.000    2.000    2.000    2.000    3.000 1.001 20000
z[16]          1.926   0.262    1.000    2.000    2.000    2.000    2.000 1.002  4200
z[17]          1.919   0.273    1.000    2.000    2.000    2.000    2.000 1.002  3900
z[18]          1.923   0.266    1.000    2.000    2.000    2.000    2.000 1.002  2900
z[19]          1.916   0.278    1.000    2.000    2.000    2.000    2.000 1.002  3300
z[20]          1.919   0.273    1.000    2.000    2.000    2.000    2.000 1.005  1300
z[21]          1.928   0.274    1.000    2.000    2.000    2.000    2.000 1.001 15000
z[22]          2.577   0.566    1.000    2.000    3.000    3.000    3.000 1.023    72
z[23]          1.684   0.903    1.000    1.000    1.000    3.000    3.000 1.409     7
z[24]          1.383   0.574    1.000    1.000    1.000    2.000    3.000 1.192    13
z[25]          1.135   0.342    1.000    1.000    1.000    1.000    2.000 1.003  1300
z[26]          1.923   0.266    1.000    2.000    2.000    2.000    2.000 1.004  1600
z[27]          1.122   0.354    1.000    1.000    1.000    1.000    2.000 1.045   100
z[28]          1.924   0.265    1.000    2.000    2.000    2.000    2.000 1.003  2400
z[29]          2.876   0.405    1.000    3.000    3.000    3.000    3.000 1.004   920
z[30]          1.905   0.293    1.000    2.000    2.000    2.000    2.000 1.001  5500
z[31]          2.885   0.402    1.000    3.000    3.000    3.000    3.000 1.057   150
z[32]          1.910   0.286    1.000    2.000    2.000    2.000    2.000 1.003  2000
z[33]          1.099   0.299    1.000    1.000    1.000    1.000    2.000 1.045   110
z[34]          1.102   0.312    1.000    1.000    1.000    1.000    2.000 1.036   140
z[35]          1.922   0.269    1.000    2.000    2.000    2.000    2.000 1.003  2400
z[36]          2.012   0.393    1.000    2.000    2.000    2.000    3.000 1.005  1200
z[37]          1.913   0.282    1.000    2.000    2.000    2.000    2.000 1.005  1200
z[38]          2.737   0.593    1.000    3.000    3.000    3.000    3.000 1.003   690
z[39]          1.100   0.300    1.000    1.000    1.000    1.000    2.000 1.039   130
z[40]          2.650   0.675    1.000    3.000    3.000    3.000    3.000 1.001  3700
deviance    1058.401  11.258 1037.554 1050.685 1057.939 1065.678 1081.779 1.001 13000