Inference for Stan model: model.
10 chains, each with iter=2500; warmup=500; thin=1; 
post-warmup draws per chain=2000, total post-warmup draws=20000.

                mean se_mean     sd     2.5%      25%      50%      75%    97.5% n_eff  Rhat
delta          0.708   0.001  0.041    0.615    0.684    0.713    0.736    0.776  1669 1.009
phic           0.128   0.006  0.061    0.025    0.083    0.122    0.166    0.264   122 1.037
phig           0.768   0.011  0.072    0.614    0.722    0.773    0.819    0.893    44 1.077
c[1]           1.086   0.004  0.255    0.585    0.918    1.090    1.255    1.586  3475 1.003
c[2]           1.312   0.006  0.317    0.715    1.097    1.309    1.522    1.946  3056 1.003
c[3]           1.053   0.004  0.236    0.587    0.892    1.053    1.212    1.510  4365 1.003
c[4]           1.483   0.004  0.287    0.954    1.291    1.472    1.666    2.078  5779 1.001
c[5]           1.394   0.003  0.263    0.901    1.213    1.389    1.565    1.938  6233 1.001
c[6]           1.959   0.006  0.333    1.367    1.727    1.937    2.166    2.685  2730 1.002
c[7]           0.925   0.005  0.271    0.421    0.746    0.918    1.095    1.453  3501 1.005
c[8]           1.787   0.004  0.309    1.231    1.573    1.769    1.979    2.445  5163 1.001
c[9]           1.755   0.004  0.289    1.223    1.559    1.741    1.939    2.356  5484 1.002
c[10]          1.689   0.004  0.294    1.150    1.487    1.675    1.874    2.315  4608 1.001
c[11]          1.891   0.005  0.310    1.325    1.679    1.878    2.087    2.531  4158 1.002
c[12]          1.455   0.004  0.270    0.953    1.267    1.448    1.627    2.008  5168 1.001
c[13]          1.574   0.004  0.279    1.048    1.385    1.564    1.753    2.154  5476 1.001
c[14]          1.773   0.005  0.305    1.219    1.565    1.759    1.969    2.419  3248 1.002
c[15]          0.880   0.005  0.270    0.394    0.701    0.872    1.045    1.413  3264 1.004
c[16]          1.326   0.004  0.264    0.812    1.150    1.320    1.499    1.855  3864 1.002
c[17]          1.955   0.006  0.331    1.365    1.723    1.931    2.168    2.642  3225 1.003
c[18]          1.369   0.004  0.260    0.875    1.193    1.364    1.540    1.894  4577 1.002
c[19]          1.757   0.004  0.294    1.221    1.558    1.743    1.937    2.393  4883 1.002
c[20]          1.808   0.005  0.307    1.255    1.595    1.791    2.002    2.451  4026 1.002
c[21]          0.990   0.004  0.251    0.508    0.821    0.987    1.157    1.491  3491 1.003
c[22]          1.049   0.022  0.598    0.149    0.540    0.992    1.500    2.277   759 1.018
c[23]          0.992   0.043  0.465    0.249    0.669    0.920    1.246    2.095   114 1.078
c[24]          0.972   0.006  0.295    0.434    0.769    0.962    1.161    1.579  2330 1.007
c[25]          1.397   0.011  0.349    0.717    1.163    1.391    1.623    2.115   990 1.011
c[26]          1.388   0.004  0.286    0.847    1.197    1.377    1.571    1.976  5934 1.002
c[27]          1.074   0.007  0.303    0.521    0.867    1.060    1.267    1.691  1804 1.007
c[28]          1.962   0.005  0.344    1.360    1.724    1.931    2.175    2.712  4217 1.004
c[29]          1.231   0.064  0.597    0.135    0.799    1.283    1.639    2.381    87 1.047
c[30]          1.310   0.004  0.265    0.795    1.133    1.308    1.485    1.839  5606 1.002
c[31]          1.322   0.012  0.572    0.087    0.998    1.356    1.684    2.414  2275 1.007
c[32]          1.421   0.004  0.276    0.898    1.233    1.415    1.598    1.981  4840 1.002
c[33]          1.492   0.005  0.328    0.892    1.265    1.475    1.697    2.177  3916 1.002
c[34]          1.183   0.005  0.299    0.628    0.976    1.171    1.375    1.800  3670 1.004
c[35]          1.181   0.004  0.248    0.696    1.016    1.180    1.346    1.675  4774 1.003
c[36]          0.903   0.010  0.323    0.353    0.692    0.878    1.078    1.626  1054 1.011
c[37]          1.637   0.006  0.296    1.096    1.440    1.622    1.824    2.259  2555 1.004
c[38]          1.209   0.014  0.608    0.100    0.764    1.273    1.629    2.342  1888 1.009
c[39]          1.698   0.005  0.349    1.080    1.462    1.670    1.905    2.460  4642 1.002
c[40]          1.191   0.035  0.608    0.090    0.727    1.240    1.614    2.349   305 1.028
w[1]           0.749   0.004  0.079    0.618    0.725    0.758    0.789    0.848   314 1.029
w[2]           0.094   0.008  0.107    0.008    0.045    0.073    0.109    0.292   177 1.042
w[3]           0.783   0.001  0.050    0.689    0.752    0.781    0.812    0.891  3815 1.002
w[4]           0.788   0.001  0.050    0.694    0.756    0.785    0.817    0.896  3234 1.003
w[5]           0.795   0.001  0.051    0.700    0.762    0.792    0.824    0.909  2649 1.003
w[6]           0.763   0.001  0.046    0.665    0.736    0.765    0.792    0.849  4868 1.003
w[7]           0.736   0.022  0.140    0.107    0.727    0.763    0.793    0.858    42 1.236
w[8]           0.779   0.001  0.046    0.687    0.750    0.779    0.809    0.873  4313 1.002
w[9]           0.742   0.001  0.054    0.619    0.715    0.747    0.777    0.826  2683 1.007
w[10]          0.789   0.001  0.048    0.699    0.758    0.786    0.817    0.893  3218 1.002
w[11]          0.767   0.001  0.046    0.671    0.739    0.769    0.796    0.853  5215 1.002
w[12]          0.774   0.001  0.049    0.673    0.745    0.775    0.804    0.872  4192 1.002
w[13]          0.759   0.001  0.048    0.653    0.732    0.762    0.790    0.846  4362 1.005
w[14]          0.741   0.002  0.066    0.615    0.715    0.749    0.778    0.829   975 1.011
w[15]          0.766   0.001  0.055    0.656    0.737    0.769    0.798    0.868  3255 1.003
w[16]          0.788   0.001  0.050    0.694    0.756    0.786    0.818    0.898  3336 1.002
w[17]          0.764   0.001  0.046    0.661    0.738    0.766    0.794    0.848  4660 1.004
w[18]          0.783   0.001  0.049    0.691    0.752    0.782    0.813    0.887  3817 1.002
w[19]          0.754   0.001  0.049    0.644    0.727    0.758    0.786    0.839  4147 1.005
w[20]          0.766   0.001  0.047    0.666    0.738    0.768    0.796    0.854  5083 1.003
w[21]          0.777   0.001  0.051    0.677    0.747    0.777    0.807    0.884  4270 1.002
w[22]          0.724   0.061  0.188    0.046    0.732    0.769    0.803    0.884     9 2.006
w[23]          0.251   0.081  0.318    0.005    0.038    0.071    0.687    0.839    15 1.494
w[24]          0.119   0.023  0.174    0.008    0.041    0.070    0.110    0.765    56 1.195
w[25]          0.125   0.035  0.172    0.010    0.047    0.075    0.116    0.753    24 1.225
w[26]          0.797   0.001  0.053    0.703    0.762    0.793    0.828    0.918  2393 1.004
w[27]          0.073   0.012  0.101    0.004    0.032    0.055    0.085    0.199    72 1.174
w[28]          0.782   0.001  0.046    0.690    0.753    0.782    0.811    0.876  3691 1.002
w[29]          0.475   0.129  0.351    0.010    0.069    0.715    0.778    0.862     7 2.294
w[30]          0.747   0.006  0.084    0.613    0.725    0.757    0.787    0.844   227 1.073
w[31]          0.657   0.093  0.263    0.025    0.708    0.760    0.795    0.873     8 2.381
w[32]          0.749   0.004  0.073    0.629    0.725    0.758    0.786    0.841   303 1.036
w[33]          0.045   0.000  0.032    0.002    0.020    0.039    0.063    0.123  5287 1.001
w[34]          0.045   0.000  0.033    0.002    0.020    0.039    0.064    0.126  4735 1.001
w[35]          0.781   0.001  0.049    0.686    0.750    0.780    0.811    0.886  4033 1.002
w[36]          0.770   0.009  0.095    0.655    0.745    0.777    0.809    0.889   119 1.092
w[37]          0.753   0.001  0.055    0.635    0.726    0.758    0.787    0.841  1918 1.006
w[38]          0.593   0.095  0.307    0.017    0.223    0.750    0.789    0.866    11 1.754
w[39]          0.043   0.000  0.031    0.002    0.019    0.037    0.060    0.116  4708 1.001
w[40]          0.641   0.072  0.275    0.022    0.700    0.758    0.793    0.870    15 1.801
muc            1.376   0.007  0.135    1.087    1.306    1.387    1.462    1.606   368 1.026
muw[1]         0.062   0.001  0.031    0.017    0.040    0.057    0.079    0.136  1232 1.008
muw[2]         0.770   0.001  0.026    0.715    0.753    0.771    0.788    0.819  1615 1.009
sigmac         0.502   0.006  0.147    0.278    0.403    0.481    0.577    0.861   706 1.023
sigmaw         0.043   0.001  0.020    0.021    0.027    0.037    0.053    0.096   720 1.019
wpredg[1]      0.071   0.001  0.050    0.005    0.036    0.061    0.095    0.197  2362 1.005
wpredg[2]      0.771   0.001  0.054    0.658    0.740    0.771    0.803    0.877  5285 1.003
cpredg[1]      1.404   0.011  0.516    0.375    1.073    1.398    1.731    2.452  2319 1.002
cpredg[2]      1.390   0.008  0.512    0.340    1.063    1.393    1.713    2.412  4143 1.002
predyg[1,1]    5.098   0.012  1.407    2.000    4.000    5.000    6.000    8.000 14248 1.000
predyg[1,2]    4.070   0.012  1.469    1.000    3.000    4.000    5.000    7.000 16042 1.000
predyg[1,3]    6.737   0.016  1.175    4.000    6.000    7.000    8.000    8.000  5624 1.001
predyg[1,4]    1.179   0.016  1.187    0.000    0.000    1.000    2.000    4.000  5428 1.001
predyg[1,5]    6.663   0.015  1.207    4.000    6.000    7.000    8.000    8.000  6694 1.001
predyg[1,6]    1.103   0.016  1.151    0.000    0.000    1.000    2.000    4.000  5251 1.002
predyg[1,7]    4.165   0.011  1.465    1.000    3.000    4.000    5.000    7.000 19032 1.001
predyg[1,8]    3.107   0.011  1.425    1.000    2.000    3.000    4.000    6.000 16012 1.000
predyg[2,1]    6.841   0.015  1.185    4.000    6.000    7.000    8.000    8.000  6186 1.001
predyg[2,2]    6.511   0.014  1.272    4.000    6.000    7.000    7.000    8.000  8362 1.001
predyg[2,3]    5.806   0.013  1.380    3.000    5.000    6.000    7.000    8.000 11064 1.000
predyg[2,4]    3.046   0.012  1.502    0.000    2.000    3.000    4.000    6.000 14719 1.000
predyg[2,5]    5.061   0.013  1.484    2.000    4.000    5.000    6.000    8.000 13314 1.000
predyg[2,6]    2.284   0.013  1.399    0.000    1.000    2.000    3.000    5.000 12141 1.001
predyg[2,7]    1.417   0.014  1.257    0.000    0.000    1.000    2.000    4.000  8140 1.001
predyg[2,8]    1.136   0.015  1.196    0.000    0.000    1.000    2.000    4.000  6152 1.001
predyg[3,1]    4.001   0.010  1.405    1.000    3.000    4.000    5.000    7.000 20000 1.000
predyg[3,2]    4.001   0.010  1.416    1.000    3.000    4.000    5.000    7.000 20000 1.000
predyg[3,3]    4.001   0.010  1.421    1.000    3.000    4.000    5.000    7.000 20000 1.000
predyg[3,4]    4.008   0.010  1.413    1.000    3.000    4.000    5.000    7.000 20000 1.000
predyg[3,5]    4.018   0.010  1.409    1.000    3.000    4.000    5.000    7.000 20000 1.000
predyg[3,6]    3.985   0.010  1.423    1.000    3.000    4.000    5.000    7.000 20000 1.000
predyg[3,7]    3.994   0.010  1.410    1.000    3.000    4.000    5.000    7.000 20000 1.000
predyg[3,8]    3.993   0.010  1.431    1.000    3.000    4.000    5.000    7.000 20000 1.000
z[1]           1.991   0.007  0.105    2.000    2.000    2.000    2.000    2.000   232 1.044
z[2]           1.024   0.001  0.153    1.000    1.000    1.000    1.000    1.000 20000 1.049
z[3]           2.000   0.000  0.020    2.000    2.000    2.000    2.000    2.000 20000 1.001
z[4]           2.000   0.000  0.000    2.000    2.000    2.000    2.000    2.000 20000   NaN
z[5]           2.000   0.000  0.000    2.000    2.000    2.000    2.000    2.000 20000   NaN
z[6]           2.000   0.000  0.007    2.000    2.000    2.000    2.000    2.000 20000 1.000
z[7]           1.982   0.026  0.234    1.000    2.000    2.000    2.000    2.000    79 1.109
z[8]           2.000   0.000  0.000    2.000    2.000    2.000    2.000    2.000 20000   NaN
z[9]           1.999   0.000  0.035    2.000    2.000    2.000    2.000    2.000 20000 1.001
z[10]          2.000   0.000  0.000    2.000    2.000    2.000    2.000    2.000 20000   NaN
z[11]          2.000   0.000  0.000    2.000    2.000    2.000    2.000    2.000 20000   NaN
z[12]          2.000   0.000  0.007    2.000    2.000    2.000    2.000    2.000 20000 1.000
z[13]          2.000   0.000  0.007    2.000    2.000    2.000    2.000    2.000 20000 1.000
z[14]          1.994   0.001  0.080    2.000    2.000    2.000    2.000    2.000 20000 1.017
z[15]          2.022   0.002  0.155    2.000    2.000    2.000    2.000    2.000  6682 1.002
z[16]          2.000   0.000  0.000    2.000    2.000    2.000    2.000    2.000 20000   NaN
z[17]          2.000   0.000  0.000    2.000    2.000    2.000    2.000    2.000 20000   NaN
z[18]          2.000   0.000  0.000    2.000    2.000    2.000    2.000    2.000 20000   NaN
z[19]          2.000   0.000  0.012    2.000    2.000    2.000    2.000    2.000 20000 1.000
z[20]          2.000   0.000  0.000    2.000    2.000    2.000    2.000    2.000 20000   NaN
z[21]          2.002   0.000  0.050    2.000    2.000    2.000    2.000    2.000 20000 1.000
z[22]          2.595   0.025  0.501    2.000    2.000    3.000    3.000    3.000   398 1.021
z[23]          1.614   0.208  0.912    1.000    1.000    1.000    3.000    3.000    19 1.335
z[24]          1.086   0.038  0.329    1.000    1.000    1.000    1.000    2.000    74 1.137
z[25]          1.072   0.002  0.260    1.000    1.000    1.000    1.000    2.000 20000 1.237
z[26]          2.000   0.000  0.000    2.000    2.000    2.000    2.000    2.000 20000   NaN
z[27]          1.035   0.030  0.257    1.000    1.000    1.000    1.000    1.000    71 1.179
z[28]          2.000   0.000  0.000    2.000    2.000    2.000    2.000    2.000 20000   NaN
z[29]          2.665   0.145  0.733    1.000    3.000    3.000    3.000    3.000    25 1.140
z[30]          1.988   0.001  0.111    2.000    2.000    2.000    2.000    2.000 20000 1.107
z[31]          2.913   0.024  0.348    2.000    3.000    3.000    3.000    3.000   208 1.033
z[32]          1.993   0.001  0.083    2.000    2.000    2.000    2.000    2.000 20000 1.060
z[33]          1.000   0.000  0.000    1.000    1.000    1.000    1.000    1.000 20000   NaN
z[34]          1.001   0.000  0.042    1.000    1.000    1.000    1.000    1.000 20000 1.000
z[35]          2.000   0.000  0.007    2.000    2.000    2.000    2.000    2.000 20000 1.000
z[36]          2.072   0.012  0.260    2.000    2.000    2.000    2.000    3.000   492 1.021
z[37]          1.998   0.000  0.045    2.000    2.000    2.000    2.000    2.000 20000 1.012
z[38]          2.768   0.040  0.539    1.000    3.000    3.000    3.000    3.000   185 1.034
z[39]          1.000   0.000  0.000    1.000    1.000    1.000    1.000    1.000 20000   NaN
z[40]          2.673   0.109  0.660    1.000    3.000    3.000    3.000    3.000    37 1.191
lp__        -565.869   0.733 18.280 -603.344 -578.376 -564.874 -552.286 -534.070   622 1.017